-0.625
-0.349
0.031
-0.349
-0.167
0.068
0.031
0.068
0.092
-0.360
-0.780
-0.523
-0.170
-0.498
-0.348
0.074
-0.077
-0.077
0.007
-0.541
-0.543
0.060
-0.355
-0.381
0.102
-0.072
-0.116
-0.360
-0.170
0.074
-0.780
-0.498
-0.077
-0.523
-0.348
-0.077
-0.187
-0.510
-0.348
-0.510
-0.722
-0.422
-0.348
-0.422
-0.228
0.042
-0.371
-0.387
-0.100
-0.439
-0.388
-0.079
-0.231
-0.191
0.007
0.060
0.102
-0.541
-0.355
-0.072
-0.543
-0.381
-0.116
0.042
-0.100
-0.079
-0.371
-0.439
-0.231
-0.387
-0.388
-0.191
0.068
-0.101
-0.127
-0.101
-0.252
-0.199
-0.127
-0.199
-0.136
