53979.211539
26989.605769
-22362.786300
-40098.753131
-15936.556196
12852.561597
26989.605769
13494.802885
-11181.393150
-20049.376565
-7968.278098
6426.280798
-22362.786300
-11181.393150
9253.554009
16579.268878
6572.900499
-5306.269299
-40098.753131
-20049.376565
16579.268878
29688.430070
11750.423398
-9492.527098
-15936.556196
-7968.278098
6572.900499
11750.423398
4626.685840
-3745.575394
12852.561597
6426.280798
-5306.269299
-9492.527098
-3745.575394
3029.635327
26989.605769
18507.168624
-1156.661672
-17992.973289
-19792.127950
-7243.426625
13494.802885
9253.584312
-578.330836
-8996.486645
-9896.063975
-3621.713312
-11181.393150
-7711.310658
385.548839
7417.499951
8280.368627
3117.677630
-20049.376565
-13880.347661
578.315682
13256.013208
14945.041905
5731.319578
-7968.278098
-5581.476429
91.775490
5214.228649
6058.760242
2450.079198
6426.280798
4480.018914
-119.377620
-4222.976214
-4847.152413
-1919.348648
-22362.786300
-1156.661672
31359.414244
26861.267263
-11613.219628
-36183.745419
-11181.393150
-578.330836
15679.707122
13430.633632
-5806.609814
-18091.872710
9253.554009
385.548839
-13182.690092
-11218.193255
4953.723114
15233.569727
16579.268878
578.315682
-23868.363153
-20223.946134
9054.559527
27608.836470
6572.900499
91.775490
-9767.615061
-8170.312475
3808.744378
11331.213341
-5306.269299
-119.377620
7784.911974
6545.633767
-3002.636493
-9020.624809
-40098.753131
-17992.973289
26861.267263
49820.205031
26406.346881
-21108.007337
-20049.376565
-8996.486645
13430.633632
24910.102515
13203.173440
-10554.003668
16579.268878
7417.499951
-11218.193255
-20824.050159
-11094.999771
8829.038211
29688.430070
13256.013208
-20223.946134
-37562.047960
-20081.825872
15933.110963
11750.423398
5214.228650
-8170.312475
-15200.096393
-8210.071536
6456.641693
-9492.527098
-4222.976214
6545.633767
12169.347774
6546.077921
-5166.331680
-15936.556196
-19792.127950
-11613.219628
26406.346881
59790.612098
38923.314221
-7968.278098
-9896.063975
-5806.609814
13203.173440
29895.306049
19461.657110
6572.900499
8280.368627
4953.723114
-11094.999771
-25290.954773
-16518.471696
11750.423398
14945.041905
9054.559527
-20081.825872
-45977.558269
-30093.757978
4626.685840
6058.760242
3808.744378
-8210.071536
-19040.572661
-12539.880654
-3745.575394
-4847.152413
-3002.636493
6546.077921
15103.703844
9922.758175
12852.561597
-7243.426625
-36183.745419
-21108.007337
38923.314221
80642.700457
6426.280798
-3621.713312
-18091.872710
-10554.003668
19461.657110
40321.350228
-5306.269299
3117.677630
15233.569727
8829.038211
-16518.471696
-34158.993213
-9492.527098
5731.319578
27608.836470
15933.110963
-30093.757978
-62155.629410
-3745.575394
2450.079198
11331.213341
6456.641693
-12539.880654
-25808.399939
3029.635327
-1919.348648
-9020.624809
-5166.331680
9922.758175
20450.746443
26989.605769
13494.802885
-11181.393150
-20049.376565
-7968.278098
6426.280798
18507.168624
9253.584312
-7711.310658
-13880.347661
-5581.476429
4480.018914
-1156.661672
-578.330836
385.548839
578.315682
91.775490
-119.377620
-17992.973289
-8996.486645
7417.499951
13256.013208
5214.228649
-4222.976214
-19792.127950
-9896.063975
8280.368627
14945.041905
6058.760242
-4847.152413
-7243.426625
-3621.713312
3117.677630
5731.319578
2450.079198
-1919.348648
13494.802885
9253.584312
-578.330836
-8996.486645
-9896.063975
-3621.713312
9253.584312
6169.059729
-771.120182
-6315.908215
-6462.746047
-2016.134884
-578.330836
-771.120182
-771.135109
73.420189
1110.756195
1148.282359
-8996.486645
-6315.908215
73.420189
5875.218389
6866.621036
2803.909721
-9896.063975
-6462.746047
1110.756195
6866.621036
6664.636691
1799.152239
-3621.713312
-2016.134884
1148.282359
2803.909721
1799.152239
-267.066901
-11181.393150
-578.330836
15679.707122
13430.633632
-5806.609814
-18091.872710
-7711.310658
-771.120182
9988.015788
8849.712388
-3411.531610
-11433.152882
385.548839
-771.135109
-2295.020591
-1340.305484
1460.408151
2842.351808
7417.499951
73.420189
-11089.585857
-9253.605309
4346.183661
12871.791335
8280.368627
1110.756195
-10098.073561
-9189.267493
3212.894589
11483.965180
3117.677630
1148.282359
-2183.006877
-2650.343214
46.701355
2276.455347
-20049.376565
-8996.486645
13430.633632
24910.102515
13203.173440
-10554.003668
-13880.347661
-6315.908215
8849.712388
16344.119342
8432.650287
-6899.824027
578.315682
73.420189
-1340.305484
-2633.888912
-1885.372751
1168.874720
13256.013208
5875.218389
-9253.605309
-17220.910730
-9319.544897
7316.979469
14945.041905
6866.621036
-9189.267493
-16915.867531
-8543.817882
7121.305566
5731.319578
2803.909721
-2650.343214
-4730.999902
-1897.053741
1938.395313
-7968.278098
-9896.063975
-5806.609814
13203.173440
29895.306049
19461.657110
-5581.476429
-6462.746047
-3411.531610
8432.650287
18417.314457
11772.685809
91.775490
1110.756195
1460.408151
-1885.372751
-5706.154520
-4175.521340
5214.228650
6866.621036
4346.183661
-9319.544897
-21665.411568
-14284.776550
6058.760242
6664.636691
3212.894589
-8543.817882
-18105.461798
-11388.959585
2450.079198
1799.152239
46.701355
-1897.053741
-2502.214242
-1053.921790
6426.280798
-3621.713312
-18091.872710
-10554.003668
19461.657110
40321.350228
4480.018914
-2016.134884
-11433.152882
-6899.824027
11772.685809
24649.308588
-119.377620
1148.282359
2842.351808
1168.874720
-4175.521340
-8102.229658
-4222.976214
2803.909721
12871.791335
7316.979469
-14284.776550
-29380.500272
-4847.152413
1799.152239
11483.965180
7121.305566
-11388.959585
-24069.476133
-1919.348648
-267.066901
2276.455347
1938.395313
-1053.921790
-2868.245495
-22362.786300
-11181.393150
9253.554009
16579.268878
6572.900499
-5306.269299
-1156.661672
-578.330836
385.548839
578.315682
91.775490
-119.377620
31359.414244
15679.707122
-13182.690092
-23868.363153
-9767.615061
7784.911974
26861.267263
13430.633632
-11218.193255
-20223.946134
-8170.312475
6545.633767
-11613.219628
-5806.609814
4953.723114
9054.559527
3808.744378
-3002.636493
-36183.745419
-18091.872710
15233.569727
27608.836470
11331.213341
-9020.624809
-11181.393150
-7711.310658
385.548839
7417.499951
8280.368627
3117.677630
-578.330836
-771.120182
-771.135109
73.420189
1110.756195
1148.282359
15679.707122
9988.015788
-2295.020591
-11089.585857
-10098.073561
-2183.006877
13430.633632
8849.712388
-1340.305484
-9253.605309
-9189.267493
-2650.343214
-5806.609814
-3411.531610
1460.408151
4346.183661
3212.894589
46.701355
-18091.872710
-11433.152882
2842.351808
12871.791335
11483.965180
2276.455347
9253.554009
385.548839
-13182.690092
-11218.193255
4953.723114
15233.569727
385.548839
-771.135109
-2295.020591
-1340.305484
1460.408151
2842.351808
-13182.690092
-2295.020591
14908.602936
14045.708474
-4276.104442
-16805.992621
-11218.193255
-1340.305484
14045.708474
12632.017447
-4614.923538
-16019.848470
4953.723114
1460.408151
-4276.104442
-4614.923538
654.240201
4638.226637
15233.569727
2842.351808
-16805.992621
-16019.848470
4638.226637
18886.917483
16579.268878
7417.499951
-11218.193255
-20824.050159
-11094.999771
8829.038211
578.315682
73.420189
-1340.305484
-2633.888912
-1885.372751
1168.874720
-23868.363153
-11089.585857
14045.708474
25749.104383
12650.031877
-10801.520928
-20223.946134
-9253.605309
12632.017447
23286.697566
11872.569016
-9815.329393
9054.559527
4346.183661
-4614.923538
-8334.125645
-3672.502854
3450.448418
27608.836470
12871.791335
-16019.848470
-29328.037475
-14274.043686
12288.327613
6572.900499
8280.368627
4953.723114
-11094.999771
-25290.954773
-16518.471696
91.775490
1110.756195
1460.408151
-1885.372751
-5706.154520
-4175.521340
-9767.615061
-10098.073561
-4276.104442
12650.031877
25712.098495
15798.640843
-8170.312475
-9189.267493
-4614.923538
11872.569016
25501.616033
16158.604515
3808.744378
3212.894589
654.240201
-3672.502854
-6127.748792
-3287.612709
11331.213341
11483.965180
4638.226637
-14274.043686
-28587.616575
-17413.527511
-5306.269299
3117.677630
15233.569727
8829.038211
-16518.471696
-34158.993213
-119.377620
1148.282359
2842.351808
1168.874720
-4175.521340
-8102.229658
7784.911974
-2183.006877
-16805.992621
-10801.520928
15798.640843
33851.231137
6545.633767
-2650.343214
-16019.848470
-9815.329393
16158.604515
34005.223983
-3002.636493
46.701355
4638.226637
3450.448418
-3287.612709
-7646.728002
-9020.624809
2276.455347
18886.917483
12288.327613
-17413.527511
-37503.104972
-40098.753131
-20049.376565
16579.268878
29688.430070
11750.423398
-9492.527098
-17992.973289
-8996.486645
7417.499951
13256.013208
5214.228650
-4222.976214
26861.267263
13430.633632
-11218.193255
-20223.946134
-8170.312475
6545.633767
49820.205031
24910.102515
-20824.050159
-37562.047960
-15200.096393
12169.347774
26406.346881
13203.173440
-11094.999771
-20081.825872
-8210.071536
6546.077921
-21108.007337
-10554.003668
8829.038211
15933.110963
6456.641693
-5166.331680
-20049.376565
-13880.347661
578.315682
13256.013208
14945.041905
5731.319578
-8996.486645
-6315.908215
73.420189
5875.218389
6866.621036
2803.909721
13430.633632
8849.712388
-1340.305484
-9253.605309
-9189.267493
-2650.343214
24910.102515
16344.119342
-2633.888912
-17220.910730
-16915.867531
-4730.999902
13203.173440
8432.650287
-1885.372751
-9319.544897
-8543.817882
-1897.053741
-10554.003668
-6899.824027
1168.874720
7316.979469
7121.305566
1938.395313
16579.268878
578.315682
-23868.363153
-20223.946134
9054.559527
27608.836470
7417.499951
73.420189
-11089.585857
-9253.605309
4346.183661
12871.791335
-11218.193255
-1340.305484
14045.708474
12632.017447
-4614.923538
-16019.848470
-20824.050159
-2633.888912
25749.104383
23286.697566
-8334.125645
-29328.037475
-11094.999771
-1885.372751
12650.031877
11872.569016
-3672.502854
-14274.043686
8829.038211
1168.874720
-10801.520928
-9815.329393
3450.448418
12288.327613
29688.430070
13256.013208
-20223.946134
-37562.047960
-20081.825872
15933.110963
13256.013208
5875.218389
-9253.605309
-17220.910730
-9319.544897
7316.979469
-20223.946134
-9253.605309
12632.017447
23286.697566
11872.569016
-9815.329393
-37562.047960
-17220.910730
23286.697566
42899.121902
21774.968609
-18071.475107
-20081.825872
-9319.544897
11872.569016
21774.968609
10730.207115
-9137.932110
15933.110963
7316.979469
-9815.329393
-18071.475107
-9137.932110
7608.927426
11750.423398
14945.041905
9054.559527
-20081.825872
-45977.558269
-30093.757978
5214.228649
6866.621036
4346.183661
-9319.544897
-21665.411568
-14284.776550
-8170.312475
-9189.267493
-4614.923538
11872.569016
25501.616033
16158.604515
-15200.096393
-16915.867531
-8334.125645
21774.968609
46475.648321
29348.416564
-8210.071536
-8543.817882
-3672.502854
10730.207115
21913.188843
13501.313909
6456.641693
7121.305566
3450.448418
-9137.932109
-19396.655606
-12212.193364
-9492.527098
5731.319578
27608.836470
15933.110963
-30093.757978
-62155.629410
-4222.976214
2803.909721
12871.791335
7316.979469
-14284.776550
-29380.500272
6545.633767
-2650.343214
-16019.848470
-9815.329393
16158.604515
34005.223983
12169.347774
-4730.999902
-29328.037475
-18071.475107
29348.416564
61885.037817
6546.077921
-1897.053741
-14274.043686
-9137.932109
13501.313909
28882.283952
-5166.331680
1938.395313
12288.327613
7608.927426
-12212.193364
-25795.711342
-15936.556196
-7968.278098
6572.900499
11750.423398
4626.685840
-3745.575394
-19792.127950
-9896.063975
8280.368627
14945.041905
6058.760242
-4847.152413
-11613.219628
-5806.609814
4953.723114
9054.559527
3808.744378
-3002.636493
26406.346881
13203.173440
-11094.999771
-20081.825872
-8210.071536
6546.077921
59790.612098
29895.306049
-25290.954773
-45977.558269
-19040.572661
15103.703844
38923.314221
19461.657110
-16518.471696
-30093.757978
-12539.880654
9922.758175
-7968.278098
-5581.476429
91.775490
5214.228650
6058.760242
2450.079198
-9896.063975
-6462.746047
1110.756195
6866.621036
6664.636691
1799.152239
-5806.609814
-3411.531610
1460.408151
4346.183661
3212.894589
46.701355
13203.173440
8432.650287
-1885.372751
-9319.544897
-8543.817882
-1897.053741
29895.306049
18417.314457
-5706.154520
-21665.411568
-18105.461798
-2502.214242
19461.657110
11772.685809
-4175.521340
-14284.776550
-11388.959585
-1053.921790
6572.900499
91.775490
-9767.615061
-8170.312475
3808.744378
11331.213341
8280.368627
1110.756195
-10098.073561
-9189.267493
3212.894589
11483.965180
4953.723114
1460.408151
-4276.104442
-4614.923538
654.240201
4638.226637
-11094.999771
-1885.372751
12650.031877
11872.569016
-3672.502854
-14274.043686
-25290.954773
-5706.154520
25712.098495
25501.616033
-6127.748792
-28587.616575
-16518.471696
-4175.521340
15798.640843
16158.604515
-3287.612709
-17413.527511
11750.423398
5214.228649
-8170.312475
-15200.096393
-8210.071536
6456.641693
14945.041905
6866.621036
-9189.267493
-16915.867531
-8543.817882
7121.305566
9054.559527
4346.183661
-4614.923538
-8334.125645
-3672.502854
3450.448418
-20081.825872
-9319.544897
11872.569016
21774.968609
10730.207115
-9137.932109
-45977.558269
-21665.411568
25501.616033
46475.648321
21913.188843
-19396.655606
-30093.757978
-14284.776550
16158.604515
29348.416564
13501.313909
-12212.193364
4626.685840
6058.760242
3808.744378
-8210.071536
-19040.572661
-12539.880654
6058.760242
6664.636691
3212.894589
-8543.817882
-18105.461798
-11388.959585
3808.744378
3212.894589
654.240201
-3672.502854
-6127.748792
-3287.612709
-8210.071536
-8543.817882
-3672.502854
10730.207115
21913.188843
13501.313909
-19040.572661
-18105.461798
-6127.748792
21913.188843
41626.789243
24536.652293
-12539.880654
-11388.959585
-3287.612709
13501.313909
24536.652293
14038.438616
-3745.575394
2450.079198
11331.213341
6456.641693
-12539.880654
-25808.399939
-4847.152413
1799.152239
11483.965180
7121.305566
-11388.959585
-24069.476133
-3002.636493
46.701355
4638.226637
3450.448418
-3287.612709
-7646.728002
6546.077921
-1897.053741
-14274.043686
-9137.932110
13501.313909
28882.283952
15103.703844
-2502.214242
-28587.616575
-19396.655606
24536.652293
53886.788690
9922.758175
-1053.921790
-17413.527511
-12212.193364
14038.438616
31389.183157
12852.561597
6426.280798
-5306.269299
-9492.527098
-3745.575394
3029.635327
-7243.426625
-3621.713312
3117.677630
5731.319578
2450.079198
-1919.348648
-36183.745419
-18091.872710
15233.569727
27608.836470
11331.213341
-9020.624809
-21108.007337
-10554.003668
8829.038211
15933.110963
6456.641693
-5166.331680
38923.314221
19461.657110
-16518.471696
-30093.757978
-12539.880654
9922.758175
80642.700457
40321.350228
-34158.993213
-62155.629410
-25808.399939
20450.746443
6426.280798
4480.018914
-119.377620
-4222.976214
-4847.152413
-1919.348648
-3621.713312
-2016.134884
1148.282359
2803.909721
1799.152239
-267.066901
-18091.872710
-11433.152882
2842.351808
12871.791335
11483.965180
2276.455347
-10554.003668
-6899.824027
1168.874720
7316.979469
7121.305566
1938.395313
19461.657110
11772.685809
-4175.521340
-14284.776550
-11388.959585
-1053.921790
40321.350228
24649.308588
-8102.229658
-29380.500272
-24069.476133
-2868.245495
-5306.269299
-119.377620
7784.911974
6545.633767
-3002.636493
-9020.624809
3117.677630
1148.282359
-2183.006877
-2650.343214
46.701355
2276.455347
15233.569727
2842.351808
-16805.992621
-16019.848470
4638.226637
18886.917483
8829.038211
1168.874720
-10801.520928
-9815.329393
3450.448418
12288.327613
-16518.471696
-4175.521340
15798.640843
16158.604515
-3287.612709
-17413.527511
-34158.993213
-8102.229658
33851.231137
34005.223983
-7646.728002
-37503.104972
-9492.527098
-4222.976214
6545.633767
12169.347774
6546.077921
-5166.331680
5731.319578
2803.909721
-2650.343214
-4730.999902
-1897.053741
1938.395313
27608.836470
12871.791335
-16019.848470
-29328.037475
-14274.043686
12288.327613
15933.110963
7316.979469
-9815.329393
-18071.475107
-9137.932109
7608.927426
-30093.757978
-14284.776550
16158.604515
29348.416564
13501.313909
-12212.193364
-62155.629410
-29380.500272
34005.223983
61885.037817
28882.283952
-25795.711342
-3745.575394
-4847.152413
-3002.636493
6546.077921
15103.703844
9922.758175
2450.079198
1799.152239
46.701355
-1897.053741
-2502.214242
-1053.921790
11331.213341
11483.965180
4638.226637
-14274.043686
-28587.616575
-17413.527511
6456.641693
7121.305566
3450.448418
-9137.932110
-19396.655606
-12212.193364
-12539.880654
-11388.959585
-3287.612709
13501.313909
24536.652293
14038.438616
-25808.399939
-24069.476133
-7646.728002
28882.283952
53886.788690
31389.183157
3029.635327
-1919.348648
-9020.624809
-5166.331680
9922.758175
20450.746443
-1919.348648
-267.066901
2276.455347
1938.395313
-1053.921790
-2868.245495
-9020.624809
2276.455347
18886.917483
12288.327613
-17413.527511
-37503.104972
-5166.331680
1938.395313
12288.327613
7608.927426
-12212.193364
-25795.711342
9922.758175
-1053.921790
-17413.527511
-12212.193364
14038.438616
31389.183157
20450.746443
-2868.245495
-37503.104972
-25795.711342
31389.183157
69428.060859
