-7226.228342
-0.000000
5937.133642
-0.000000
-2848.161823
-0.000000
0.000000
0.000000
0.000000
0.000000
5937.133642
0.000000
-4850.087286
-0.000000
2259.862667
-0.000000
0.000000
0.000000
-0.000000
-0.000000
-2848.161823
0.000000
2259.862667
0.000000
-896.849539
0.000000
-709.455680
0.000000
1679.871397
-0.000000
0.000000
0.000000
0.000000
0.000000
-0.000000
-0.000000
598.544773
0.000000
-1409.914854
0.000000
0.000000
0.000000
0.000000
0.000000
0.000000
-0.000000
-324.673313
0.000000
745.672336
-0.000000
0.000000
0.000000
0.000000
0.000000
0.000000
0.000000
0.000000
0.000000
0.000000
0.000000
0.000000
0.000000
0.000000
0.000000
0.000000
0.000000
0.000000
0.000000
0.000000
0.000000
0.000000
0.000000
0.000000
0.000000
0.000000
0.000000
1679.818187
-0.000000
-4053.519093
0.000000
-0.000000
-0.000000
0.000000
-0.000000
-0.000000
-0.000000
-1409.866294
0.000000
3385.005056
-0.000000
-0.000000
-0.000000
-0.000000
-0.000000
0.000000
0.000000
745.635990
0.000000
-1745.556603
-0.000000
-2848.145883
0.000000
3082.953904
0.000000
-3463.411877
-0.000000
0.000000
0.000000
-0.000000
0.000000
2259.846883
-0.000000
-2479.022030
0.000000
2850.603545
-0.000000
-0.000000
-0.000000
-0.000000
-0.000000
-896.834406
-0.000000
1069.961155
0.000000
-1401.697491
0.000000
0.000000
0.000000
0.000000
0.000000
0.000000
0.000000
0.000000
0.000000
0.000000
0.000000
0.000000
0.000000
0.000000
0.000000
0.000000
0.000000
0.000000
0.000000
0.000000
0.000000
0.000000
0.000000
0.000000
0.000000
-0.000000
-0.000000
-0.000000
0.000000
-0.000000
0.000000
-60.398821
-0.000000
147.227201
0.000000
0.000000
-0.000000
-0.000000
0.000000
0.000000
-0.000000
147.227201
0.000000
-357.439645
0.000000
-0.000000
0.000000
-0.000000
0.000000
0.000000
0.000000
0.000000
-0.000000
0.000000
-0.000000
598.542428
0.000000
-523.114435
-0.000000
331.375134
0.000000
0.000000
-0.000000
-0.000000
0.000000
-1409.908666
0.000000
1228.005580
0.000000
-766.923335
0.000000
-0.000000
0.000000
0.000000
-0.000000
0.000000
0.000000
0.000000
0.000000
0.000000
0.000000
0.000000
0.000000
0.000000
0.000000
0.000000
0.000000
0.000000
0.000000
0.000000
0.000000
0.000000
0.000000
0.000000
0.000000
0.000000
0.000000
0.000000
0.000000
0.000000
0.000000
-0.000000
0.000000
0.000000
0.000000
-324.673236
0.000000
331.373563
-0.000000
-332.423161
0.000000
0.000000
0.000000
-0.000000
-0.000000
745.672011
0.000000
-766.919147
0.000000
781.210762
-0.000000
-0.000000
0.000000
0.000000
0.000000
5937.076447
0.000000
-4850.034780
-0.000000
2259.822538
0.000000
0.000000
-0.000000
0.000000
-0.000000
-5116.274939
-0.000000
4165.478135
-0.000000
-1909.018235
0.000000
-0.000000
-0.000000
0.000000
0.000000
3082.997206
0.000000
-2479.062190
0.000000
1069.992939
0.000000
0.000000
0.000000
0.000000
0.000000
0.000000
0.000000
0.000000
0.000000
0.000000
0.000000
0.000000
0.000000
0.000000
0.000000
0.000000
0.000000
0.000000
0.000000
0.000000
0.000000
0.000000
0.000000
0.000000
0.000000
-4849.982274
0.000000
4165.429473
0.000000
-2479.023772
-0.000000
0.000000
0.000000
-0.000000
0.000000
4165.429473
-0.000000
-3570.442793
-0.000000
2110.913785
-0.000000
0.000000
0.000000
-0.000000
-0.000000
-2479.023772
-0.000000
2110.913785
0.000000
-1224.565810
0.000000
0.000000
0.000000
0.000000
0.000000
0.000000
0.000000
0.000000
0.000000
0.000000
0.000000
0.000000
0.000000
0.000000
0.000000
0.000000
0.000000
0.000000
0.000000
0.000000
0.000000
0.000000
0.000000
0.000000
0.000000
2259.806754
-0.000000
-2478.983612
0.000000
2850.569963
0.000000
-0.000000
-0.000000
-0.000000
-0.000000
-1909.002700
-0.000000
2110.876243
-0.000000
-2460.930166
0.000000
0.000000
0.000000
-0.000000
0.000000
1069.978250
-0.000000
-1224.535308
0.000000
1511.666619
0.000000
0.000000
-0.000000
0.000000
-0.000000
1679.818187
0.000000
-1409.866294
0.000000
745.635990
0.000000
0.000000
-0.000000
-0.000000
0.000000
-4053.519093
-0.000000
3385.005056
0.000000
-1745.556603
0.000000
0.000000
0.000000
-0.000000
-0.000000
0.000000
0.000000
0.000000
0.000000
0.000000
0.000000
0.000000
0.000000
0.000000
0.000000
0.000000
0.000000
0.000000
0.000000
0.000000
0.000000
0.000000
0.000000
0.000000
0.000000
0.000000
0.000000
0.000000
0.000000
0.000000
-0.000000
-0.000000
0.000000
-0.000000
0.000000
-1409.860106
0.000000
1227.960801
0.000000
-766.888590
-0.000000
-0.000000
0.000000
0.000000
-0.000000
3384.988623
-0.000000
-2938.149053
0.000000
1808.711079
-0.000000
-0.000000
0.000000
0.000000
0.000000
-0.000000
-0.000000
0.000000
0.000000
0.000000
0.000000
-357.427431
-0.000000
882.413393
-0.000000
0.000000
-0.000000
-0.000000
0.000000
-0.000000
-0.000000
882.413393
0.000000
-2170.949849
0.000000
-0.000000
0.000000
0.000000
0.000000
0.000000
0.000000
0.000000
0.000000
0.000000
0.000000
0.000000
0.000000
0.000000
0.000000
0.000000
0.000000
0.000000
0.000000
0.000000
0.000000
0.000000
0.000000
0.000000
0.000000
0.000000
0.000000
0.000000
0.000000
0.000000
0.000000
-2848.145883
-0.000000
2259.846883
0.000000
-896.834406
-0.000000
-0.000000
-0.000000
0.000000
0.000000
3082.953904
-0.000000
-2479.022030
0.000000
1069.961155
-0.000000
0.000000
0.000000
0.000000
0.000000
-3463.411877
0.000000
2850.603545
-0.000000
-1401.697491
-0.000000
-324.673236
0.000000
745.672011
0.000000
0.000000
0.000000
-0.000000
-0.000000
0.000000
-0.000000
331.373563
-0.000000
-766.919147
0.000000
0.000000
0.000000
0.000000
0.000000
-0.000000
-0.000000
-332.423161
-0.000000
781.210762
-0.000000
0.000000
0.000000
0.000000
0.000000
0.000000
0.000000
0.000000
0.000000
0.000000
0.000000
0.000000
0.000000
0.000000
0.000000
0.000000
0.000000
0.000000
0.000000
0.000000
0.000000
0.000000
0.000000
0.000000
0.000000
0.000000
0.000000
745.635665
-0.000000
-1745.555430
0.000000
-0.000000
-0.000000
-0.000000
0.000000
-0.000000
0.000000
-766.884402
0.000000
1808.699850
0.000000
-0.000000
-0.000000
-0.000000
-0.000000
-0.000000
0.000000
781.180541
0.000000
-1869.276810
-0.000000
0.000000
0.000000
0.000000
0.000000
0.000000
0.000000
0.000000
0.000000
0.000000
0.000000
0.000000
0.000000
0.000000
0.000000
0.000000
0.000000
0.000000
0.000000
0.000000
0.000000
0.000000
0.000000
0.000000
0.000000
0.000000
