5.688890
-0.000000
0.975238
0.000000
0.000000
0.000000
0.975238
0.000000
0.162540
-0.000000
2.113016
0.000000
0.000000
0.000000
-0.000000
0.000000
0.325079
0.000000
0.975238
0.000000
1.029418
0.000000
0.000000
0.000000
0.162540
0.000000
0.154800
0.000000
0.000000
0.000000
2.113016
-0.000000
0.325079
-0.000000
0.000000
0.000000
0.000000
0.000000
0.000000
-0.000000
0.487619
-0.000000
-0.000000
0.000000
-0.000000
0.000000
-0.000000
0.000000
0.325079
-0.000000
0.208980
0.000000
-0.000000
0.000000
0.975238
0.000000
0.162540
-0.000000
-0.000000
0.000000
1.029418
-0.000000
0.154800
0.000000
0.325079
0.000000
0.000000
0.000000
-0.000000
-0.000000
0.208980
-0.000000
0.162540
0.000000
0.154800
0.000000
-0.000000
0.000000
0.154800
-0.000000
0.085140
